40.04255871839214         -835.1078380180068       0
40                        -831.7587654762153       0
40.04627710228657         -835.663250169827        0
40.109842168698094        -841.3386075877585       0
40.12190019362759         -842.7875725047012       0
40.175037452430296        -847.5823551114256       0
40.207090754076546        -849.9720384063623       0
40.25459610687887         -853.7368342953107       0
40.30098202469232         -857.2111992056098       0
40.334018508307835        -859.892160291625        0
40.39300438606455         -864.4386115616019       0
40.413388824175996        -866.0478099996662       0
40.483416793577106        -871.655903334356        0
40.49018334671999         -872.2194682615639       0
40                        -2687.3612543777062      0
40.29748947468569         -2685.494426354112       0
40.53186144968248         -875.8562829046467       0
40.56366069695114         -878.4117427472563       0
40.56625188629168         -878.825650799678        0
40.63099661820232         -884.6443383612859       0
40.64153419695317         -885.9493957622478       0
40.69463810694269         -890.8984010573638       0
40.721853913840164        -893.1034493083177       0
40.769221183996876        -897.0841052128571       0
40.81041022150238         -900.3093014074657       0
40.84529552596639         -903.2605471914802       0
40.898467543265234        -907.5120154670658       0
40.921501365901385        -909.4361724423695       0
40.985764964237994        -914.7099506366511       0
40.99652451139723         -915.6191433532864       0
41.063847872643954        -921.6929850245726       0
41.06565724309626         -921.8386993497          0
41.06579184079868         -921.8621625584858       0
41.134669082501716        -928.0590062025133       0
41.14142397998656         -928.9868614929328       0
41.196398689418           -934.3251683080514       0
41.21422080529819         -936.0945775601296       0
41.26385536698644         -940.5557598447494       0
41.29793086056357         -943.2709426749323       0
41.338231181775384        -946.7430740791964       0
41.382869230792316        -950.4541787954006       0
41.41071032669345         -952.9419309116554       0
41.46638668127335         -957.6284767016266       0
41.48393012383918         -959.1361884588372       0
41.54591363188668         -964.7776725971232       0
41.55241858627785         -965.3598265401582       0
41.595716616808645        -969.4758402716225       0
41.619929370210855        -971.5895357871209       0
41.621746942589844        -971.903633862441        0
41.68263747166467         -977.8490686219877       0
41.69120187517398         -978.9896705355562       0
41.74166947155174         -984.1307255263924       0
41.76329334274086         -986.0933478641896       0
41.81017702831093         -990.3535413342764       0
41.84413286966585         -993.2520725200725       0
41.88063770245914         -996.5642287184327       0
41.92498036133334         -1000.4108472942469      0
41.95045812546317         -1002.7791256027723      0
42.00440869849846         -1007.5595877627443      0
42.02028501296388         -1008.9943599578258      0
42.07777329096996         -1014.6701720042607      0
42.0839015015793          -1015.2481677244376      0
42.12704371754771         -1019.5716780102939      0
42.14798969959247         -1021.4990456565781      0
42.14949586953987         -1021.7704238425677      0
42.209125311768034        -1027.768262396061       0
42.21711413767002         -1028.8451272090363      0
42.26405518302558         -1034.074294976233       0
42.279795997451835        -1035.8903247449086      0
42.3251845657121          -1040.3418217679316      0
42.35919657777208         -1043.0407767405857      0
42.397640905509434        -1046.5389956907707      0
42.436571751589966        -1050.1784775770577      0
42.462977227309175        -1052.7803927608825      0
42.51119576442831         -1057.2988581908446      0
42.52929352535585         -1059.0161199444829      0
42.58371798291484         -1064.404365598856       0
42.59235266335425         -1065.2731843762467      0
42.65014182581692         -1071.4714800433417      0
42.65103004600677         -1071.557478582146       0
42.65745745816876         -1072.259927351129       0
42.71123172094156         -1077.8323002978475      0
42.71573486179462         -1078.5336107623004      0
42.76572467037732         -1084.1413933663107      0
42.77688180300863         -1085.5700127440969      0
42.81757410754615         -1090.4669141529534      0
42.83321584816678         -1092.5760942591435      0
42.8744466870061          -1096.761219360624       0
42.91512898024932         -1099.743319884842       0
42.94964745435993         -1102.94162674031        0
42.987304583074206        -1106.8492006510933      0
43.00938614068037         -1109.2181209484388      0
43.05655206153175         -1113.936634707403       0
43.071659747670196        -1115.4791244953033      0
43.1198788509164          -1120.9845194087343      0
43.12760855247324         -1121.7802481670901      0
43.18729259652008         -1127.7081245542715      0
43.1908569610441          -1128.0359929709473      0
43.19114064107235         -1128.0824163431685      0
43.241483155662486        -1134.3709258340639      0
43.24525860168977         -1135.075787249677       0
43.30031950911707         -1142.0751042074742      0
43.29019937865742         -1140.7177322663233      0
43.33921501443979         -1147.0626773628483      0
43.35284310332999         -1149.0584213290663      0
43.4266609124779          -1156.1760159017626      0
43.39212025750168         -1153.3834422462207      0
43.46056364582428         -1159.6076123740293      0
43.49297268203368         -1163.2462787523273      0
43.557665814253376        -1170.3063347698899      0
43.516294841150525        -1165.91080938404        0
43.5744655344819          -1172.1986473712955      0
43.62233070853143         -1177.3630360164914      0
43.632375311168765        -1178.4876590027213      0
43.686055437699764        -1184.417249240697       0
43.74217784000113         -1191.4241236800056      0
43.7420281234785          -1191.108308408822       0
43.71695200335094         -1188.0941713308894      0
43.689234373309944        -1184.7853502125995      0
43.78221365756341         -1198.3294483334575      0
43.776647681117616        -1197.5442240059922      0
43.849269784558814        -1205.405344098256       0
43.834845804216435        -1203.8335925987724      0
43.888665259600614        -1212.3066264613844      0
43.87229810698231         -1210.2519019376978      0
43.950611984834225        -1219.3502681049272      0
43.92025258921957         -1216.6049374607192      0
44.009069693252236        -1226.3718846315032      0
43.981286187083455        -1222.8766828298326      0
44.03125023658547         -1229.2163542129313      0
44.06617082735189         -1233.3830339992762      0
44.12345085515005         -1240.396505185979       0
44.08315577488489         -1235.5445736255808      0
44.17840371841106         -1247.395274035127       0
44.13497958445919         -1241.8733006729742      0
44.22663290116018         -1254.3515646585547      0
44.18527203452559         -1248.2115393246522      0
44.27138334371415         -1260.9770520831887      0
44.24684661132646         -1257.429604529933       0
44.2725365066874          -1261.2937795160387      0
44.22836285528219         -1254.5945088496792      0
44.316094320551144        -1267.3483856873645      0
44.32110846721213         -1268.2534013112816      0
44.372873973532776        -1273.6443343439325      0
44.369875040904304        -1275.2142572777157      0
44.37263483443907         -1280.2964412569438      0
44.3800524259555          -1281.9303554787505      0
44.42609854732521         -1286.612030600495       0
44.46109581616995         -1289.0941777309563      0
44.48031051016978         -1292.9228737783476      0
44.51074323457157         -1296.0589062659055      0
44.533295976887544        -1299.2413773490632      0
44.556059265844404        -1302.9961678388672      0
44.573551919561005        -1305.6393863931412      0
44.6015643868195          -1309.9346285010604      0
44.614627905905955        -1312.0322736463293      0
44.65235352494661         -1316.9065971120795      0
44.662270128697045        -1318.3841498031838      0
44.69574618355609         -1323.8316618524186      0
44.701991594886174        -1324.785497055803       0
44.74221587882786         -1330.7762392446         0
44.78691328982715         -1337.7089420187485      0
44.78686820455039         -1337.554903963643       0
44.774633273733954        -1335.7012888673478      0
44.74456465290306         -1331.1690339678848      0
44.812458666983           -1344.0440777802407      0
44.81705704092231         -1344.5483718459873      0
44.84834305508129         -1351.3950438512807      0
44.84593300032594         -1350.484001324476       0
44.87457873176771         -1356.954072477244       0
44.87884358665315         -1358.236735738653       0
44.909906689766885        -1365.0819944429902      0
44.904353993840274        -1363.4170913511161      0
44.932812348223784        -1369.8883324015724      0
44.946620143889795        -1371.9630775115925      0
44.97838145494353         -1378.8127629949981      0
44.965060829659095        -1376.3359096112342      0
45.00197087103027         -1382.7543821469194      0
45.025799676997025        -1385.761032735885       0
45.061550510726256        -1392.634474902868       0
45.04511568730122         -1389.1356122843317      0
45.07551816904347         -1395.5956033494565      0
45.09487047207969         -1399.4925072234341      0
45.12964678980895         -1406.3597691668747      0
45.107362464371334        -1402.0456564635579      0
45.13934755002522         -1408.4948310374436      0
45.15799403737188         -1413.1862870355453      0
45.19128941646477         -1420.044163566637       0
45.166672204866956        -1414.973086983652       0
45.197113891583044        -1421.4318924609804      0
45.22207464979784         -1426.8861321104343      0
45.25236120537516         -1433.7249402961643      0
45.22655862482545         -1427.8969189887491      0
45.25494291547764         -1434.368562742915       0
45.27897537981876         -1440.5383469231526      0
45.31087033407787         -1447.3849759414559      0
45.31071756735895         -1447.3213566389475      0
45.30565878112894         -1446.2563734415994      0
45.28033658075171         -1440.86052028548        0
45.32095859032022         -1453.9060263782374      0
45.32058278594636         -1454.0924935086987      0
45.34850631104473         -1460.3827454391374      0
45.34859158584234         -1460.915886274577       0
45.36546476539419         -1466.9255042139102      0
45.365542619399584        -1467.6692475309408      0
45.3855348225778          -1474.441869250288       0
45.37596956597179         -1473.5085110505818      0
45.39630127294606         -1480.0302326136841      0
45.39786386369481         -1481.1659583102935      0
45.40256572103717         -1486.6396843101797      0
45.397672000640696        -1487.8103439725444      0
45.43008672728226         -1493.1179032896844      0
45.44361710093524         -1494.7447635892065      0
45.44912883987314         -1501.423289632135       0
45.44802186150897         -1499.655904337454       0
45.45882107967833         -1506.2374921869682      0
45.461913125976075        -1508.1501414024629      0
45.4757566453367          -1512.780486438353       0
45.48429828052211         -1514.9377548916887      0
45.492674945823985        -1519.3235883217662      0
45.50312442595539         -1521.7028442194237      0
45.51818557185355         -1528.4441057190033      0
45.51407126413646         -1525.838773995139       0
45.532160532495986        -1532.3745760002694      0
45.551259993507635        -1535.2993691554286      0
45.56489533136177         -1538.8190769606676      0
45.572487177958216        -1542.0790039762599      0
45.580992742830176        -1545.368184988804       0
45.59101007532857         -1548.8408221818747      0
45.61090404602051         -1555.611314214254       0
45.599982870380686        -1551.89925966538        0
45.619152338974466        -1558.4290538606215      0
45.63068558702254         -1562.3832036957347      0
45.638198032647765        -1564.9594055952898      0
45.650525931033506        -1569.155465182931       0
45.657351509226956        -1571.4890854849023      0
45.67026542198344         -1575.9270886429945      0
45.689759035069144        -1582.6971566049199      0
45.676373223724426        -1578.0195866893835      0
45.695117978713014        -1584.5518142703738      0
45.709230505731696        -1589.467084487143       0
45.71389170703477         -1591.0838612513844      0
45.72858449410864         -1596.2363188858837      0
45.7325081473682          -1597.6167015184117      0
45.7482052451404          -1603.007256550649       0
45.76821851508937         -1609.780677456212       0
45.75155752356357         -1604.1468431588237      0
45.770874245548505        -1610.6753882023813      0
45.78926657665349         -1616.562065334388       0
45.79087101163069         -1617.2001335616949      0
45.80366639569128         -1623.3013936165812      0
45.80572030086298         -1623.7569699223327      0
45.819813933906104        -1630.0517787099825      0
45.744142768544464        -1636.2212798237788      0
45.82130123152881         -1630.3092449985015      0
45.86996783803875         -1643.3046650241624      0
45.841220020870516        -1642.2048227570203      0
45.87009726617258         -1643.6663982573598      0
45.746623634484706        -1637.424220328929       0
45.88069605065222         -1650.3825783164637      0
45.88070570346102         -1649.885894806529       0
45.891990454804684        -1657.1031603180047      0
45.89195195627829         -1656.4639551408256      0
45.90654740231166         -1663.8443879806803      0
45.900475296643535        -1663.0589909739253      0
45.915916295860484        -1669.6118061865668      0
45.91585649667906         -1670.5527673008864      0
45.926574898434616        -1677.270064842127       0
45.92539289041771         -1676.2019358975688      0
45.93781976304168         -1683.99069388657        0
45.93641472268135         -1682.782429024765       0
45.96985203677705         -1690.8428674832526      0
45.960705872140196        -1689.28017055545        0
45.993866011575456        -1695.7226023012233      0
45.99681661728998         -1697.6632360649453      0
46.013779044205336        -1704.4209705510198      0
46.00838216179517         -1702.2795866893885      0
46.00021302166235         -1710.9854666687072      0
46.02043894962109         -1708.8519084277343      0
46.00230294063368         -1717.6490614516551      0
45.984711922530884        -1715.7222249244792      0
46.02295500343428         -1722.1320864149616      0
46.02623747565529         -1724.4502614793046      0
46.038493725761015        -1731.1775405328217      0
46.03506326620685         -1728.705349406982       0
46.06390905665472         -1737.9881136725458      0
46.05022281482328         -1735.2595761784648      0
46.07303653283817         -1744.6955882755087      0
46.06706151692564         -1741.8033271250956      0
46.07821075502278         -1748.3825732357604      0
46.07956188300068         -1751.3863825346066      0
46.09435241079068         -1758.1292277222497      0
46.08604871909422         -1754.981103841307       0
46.130034590731775        -1765.0042942142725      0
46.106687397260394        -1761.499773945736       0
46.14550706869919         -1771.751455400542       0
46.139900334226496        -1767.9399963478324      0
46.150688108291874        -1774.520603269936       0
46.1595148753009          -1778.4884398299655      0
46.17489771187309         -1785.2341266949334      0
46.1654595414545          -1781.07701007872        0
46.190136257219955        -1791.9789003542878      0
46.18037879207817         -1787.6324943652273      0
46.20532464089678         -1798.7233565451434      0
46.19515421298432         -1794.1888762866793      0
46.2099409546077          -1800.7451875560328      0
46.22058450878648         -1805.4669415531703      0
46.23583089767959         -1812.2098745972842      0
46.2247708125411          -1807.3001126349477      0
46.25104791910776         -1818.9526218794854      0
46.2395791728359          -1813.8551718796796      0
46.26627917894202         -1825.6954592257607      0
46.25436843812071         -1820.41035029553        0
46.26917994497589         -1826.9656570444934      0
46.28156203082188         -1832.4386823516975      0
46.296793977261046        -1839.181583478713       0
46.28404357248035         -1833.521750360989       0
46.311921459681834        -1845.9238238256478      0
46.29882630073602         -1840.078348783129       0
46.32650461857355         -1852.6626210909237      0
46.31350479468967         -1846.6355980065443      0
46.32771276249479         -1853.1957850250203      0
46.34097391603952         -1859.3988996819376      0
46.35569372585357         -1866.1366073147124      0
46.34174922660578         -1859.7547244570574      0
46.370457471966745        -1872.8686366307402      0
46.36997873278318         -1872.6663249026708      0
46.37045784303197         -1872.8745950514344      0
46.356080321857576        -1866.3118243188335      0
46.38560906161572         -1879.6150299802448      0
46.38559720067397         -1879.4206876777414      0
46.39982728295522         -1885.9804212476886      0
46.399869939088646        -1886.3513862328055      0
46.413241865393516        -1892.54531180154        0
46.41329751551628         -1893.0824744917677      0
46.42587307867392         -1899.1150965718593      0
46.42594306211643         -1899.8086188854272      0
46.437752052738645        -1905.6895810696574      0
46.43781304986713         -1906.5297042370948      0
46.44899238527849         -1912.2646215458412      0
46.44906122710181         -1913.2457544400932      0
46.45984029334448         -1918.8421137528635      0
46.45995084731771         -1919.9595387407603      0
46.47083446447899         -1925.418692159398       0
46.4709410636391          -1926.6739587588672      0
46.4838234198058          -1933.4003361613275      0
46.481485776878934        -1931.9974126273707      0
46.48743343857595         -1938.6072791166505      0
46.48843057040777         -1940.076874323877       0
46.496521397468605        -1945.1979839655157      0
46.49743729640244         -1946.7812156184684      0
46.50001378038376         -1951.823671887357       0
46.49786942302542         -1953.4313697024181      0
46.50467404803239         -1958.442058291531       0
46.508014237073844        -1960.1427263626138      0
46.52204828329831         -1964.9780373939607      0
46.52325431411796         -1966.885757115662       0
46.53663713509536         -1971.5314304808574      0
46.54227723045855         -1973.6526886518573      0
46.543505373265404        -1978.1330921983686      0
46.54538269658415         -1980.3190503525334      0
46.55200474425781         -1987.0076305632786      0
46.550765868253556        -1984.732301559063       0
46.55361557324885         -1991.36019689001        0
46.551197576929           -1993.6512741481283      0
46.5612556270501          -1997.9587077717165      0
46.56108932254433         -2000.3625157402275      0
46.570089176848           -2004.549753180114       0
46.60006319414373         -2007.257504389001       0
46.59163570086068         -2011.0612772747108      0
46.593612652999326        -2013.86541777095        0
46.596961261343864        -2017.673620252845       0
46.59996793826818         -2020.5541380737889      0
46.605847629462886        -2024.2636899142392      0
46.60924394165748         -2027.2613111278376      0
46.61500006695188         -2030.8520952769802      0
46.61843465457498         -2033.9679453267859      0
46.627167539052394        -2040.6716870198666      0
46.623758416352565        -2037.4429657121743      0
46.6322663493373          -2044.0357083965876      0
46.6358668590458          -2047.376009844057       0
46.64095350650433         -2050.6276242516938      0
46.644780433852816        -2054.0816863047876      0
46.649735413915316        -2057.21894732228        0
46.653535439606           -2060.7863609450137      0
46.656717020408685        -2063.8215335883087      0
46.6580946327314          -2067.4647113699534      0
46.663408055174315        -2070.4280629669606      0
46.69983979473095         -2074.3781762616695      0
46.70382608406959         -2076.8235866615914      0
46.71141321201434         -2081.1010004816662      0
46.714411703376385        -2083.405750409795       0
46.720563737630876        -2087.8085156202947      0
46.73133683903895         -2094.526283031098       0
46.72405622965832         -2089.9938019040774      0
46.73551397489143         -2096.570340612375       0
46.746419514552656        -2101.2711720525376      0
46.7477472829734          -2103.1416527449815      0
46.73376411104158         -2107.840797559479       0
46.732827188872044        -2109.882815738812       0
46.732523369716176        -2114.482546799635       0
46.735382659877104        -2116.514664998634       0
46.7424110382798          -2121.194928767765       0
46.74540380028402         -2123.102672933776       0
46.751183140005764        -2127.9003989284197      0
46.753151488169586        -2129.704901844473       0
46.75568877549475         -2134.57890774339        0
46.75844803508298         -2136.322463213412       0
46.77303482081815         -2141.338559759562       0
46.81812007571286         -2148.2735058895855      0
46.778023446529716        -2142.8507069557086      0
46.82097467568913         -2149.232558875151       0
46.82175601573373         -2154.9462597173515      0
46.82253281776554         -2155.872302644395       0
46.83044269080871         -2161.6509309695602      0
46.83157472223258         -2162.465250796051       0
46.839603882378           -2168.3586008633915      0
46.84062080637486         -2169.0581728123925      0
46.84871478114289         -2175.066246310617       0
46.84954447286887         -2175.6535820663416      0
46.85779821959123         -2181.7737523934616      0
46.85848015911297         -2182.248916161354       0
46.86697731405067         -2188.481863019527       0
46.867507206207755        -2188.843678981222       0
46.87696336755947         -2195.195073603426       0
46.884067778247065        -2201.8900722881076      0
46.87727515969745         -2195.43380894792        0
46.884306455659186        -2202.0410225734054      0
46.89375311602418         -2208.6012995363885      0
46.90397919010626         -2215.3159442224646      0
46.90397928080254         -2215.2179342076106      0
46.89618698539526         -2210.336605025974       0
46.893792677550586        -2208.6316672760195      0
46.91330748807407         -2221.809566589028       0
46.913314571075915        -2222.024971831599       0
46.92218335049926         -2228.7314175146985      0
46.92217269399732         -2228.4049284302077      0
46.93072607276242         -2235.0022393636586      0
46.930739906543195        -2235.435889735047       0
46.93894798976202         -2242.138159371651       0
46.938931125761336        -2241.601727525877       0
46.946875487873555        -2248.838655520764       0
46.94685635739594         -2248.2029647264458      0
46.95495889562653         -2255.54013712417        0
46.95493985204595         -2254.803212695602       0
46.95938181735389         -2261.425389082847       0
46.95939840652312         -2262.2184559755365      0
46.96669832460553         -2268.914854533313       0
46.966665093225856        -2268.029705997189       0
46.973258921953466        -2274.6383311049867      0
46.97330537054446         -2275.606689525969       0
46.979118969162           -2282.2924156443023      0
46.97908078149887         -2281.251441113127       0
46.98688186368154         -2287.85218342335        0
46.989077856721096        -2289.004332886693       0
46.98789328390709         -2295.6458425514256      0
46.98350180112722         -2294.5227940838413      0
47.37980771520276         -2660.1397260361346      0
47.48659073369056         -2659.456093894042       0
47.553956811138406        -2657.834819974082       0
46.83863560492127         -2662.7940017641463      0
46.87200957064265         -2662.579967350026       0
46.694049067405146        -2663.349593125832       0
46.99342037667019         -2302.329758443624       0
47.000194633337195        -2301.0679739342245      0
47.78676781297467         -2654.7289064127         0
47.78622504366973         -2650.2917342249048      0
46.29693909763473         -2665.6303950612605      0
46.274572293231294        -2665.7912666179177      0
45.75383474952937         -2668.9557166801346      0
45.215710934938926        -2671.7777439943916      0
45.712322385956234        -2669.182005043786       0
45.072646481626634        -2672.261620474874       0
44.67746338535912         -2674.794111050376       0
44.13971556007971         -2677.581579605843       0
44.42916843445584         -2675.3218467527713      0
43.72024738353181         -2678.0117397177255      0
43.623807673085224        -2678.4740929160253      0
43.53671571837399         -2678.1433117943907      0
47.00388858208788         -2309.044893702276       0
47.003915019736           -2307.694215555034       0
47.41862722392306         -2646.658118601409       0
47.41487388780067         -2646.61978932925        0
43.106245017647566        -2680.124572198755       0
42.58930528220152         -2681.4897232476706      0
42.85499909457522         -2679.86572069845        0
42.34697736373049         -2680.254022717847       0
47.01229045704066         -2314.2911108485755      0
47.012371407913335        -2315.747407284814       0
47.40917609371981         -2646.545414523222       0
47.190798638366104        -2642.00333239655        0
42.0755205098343          -2681.409744817446       0
41.78228014219758         -2680.64334726546        0
41.55977636757007         -2682.2272549244717      0
41.324006561232466        -2681.2031070577987      0
47.01799807846041         -2322.4318748593946      0
47.01794049527093         -2320.9049677103444      0
47.15664401770202         -2638.8385894168805      0
47.18569415098288         -2635.596524130472       0
41.043791659595506        -2682.5779659536975      0
40.52189582979776         -2684.851933676088       0
40.89338249310426         -2682.2864296257717      0
47.022651182773956        -2327.524693767965       0
47.02279799873587         -2329.1091857681117      0
47.19342166212954         -2632.476562691101       0
47.1388526782731          -2629.4573841204274      0
47.027659591147625        -2335.780648099926       0
47.02751180173113         -2334.138896897255       0
47.13493036394327         -2625.5738876154746      0
47.12531441362108         -2623.1412700400915      0
47.03228723760034         -2340.7536322624956      0
47.03246786409302         -2342.4517743600145      0
47.114747171269954        -2619.044460626853       0
47.11630042227435         -2616.8555069465156      0
47.03699800320268         -2349.121147547076       0
47.036823274544794        -2347.3698634259886      0
47.11569422514503         -2612.634947144299       0
47.11767611746776         -2610.5050165630923      0
47.04131279472319         -2355.789163401798       0
47.04113724684917         -2353.9874820806776      0
47.115142698808285        -2606.216929264653       0
47.11677644884464         -2604.168701596097       0
47.04546810751945         -2362.456174064724       0
47.04529005508511         -2360.6061077112004      0
47.11472887338227         -2599.7996928334833      0
47.11640077609612         -2597.8291221578665      0
47.049234154832995        -2367.227175593832       0
47.04939832232167         -2369.123946738053       0
47.11636524803113         -2593.394091225342       0
47.11806596744065         -2591.476828226164       0
47.05307310702151         -2375.7901094396148      0
47.05290996545478         -2373.850364004571       0
47.11794654816785         -2586.8888159375742      0
47.1188347869671          -2584.9570987120737      0
47.056401015333606        -2380.474707382626       0
47.05678288238948         -2382.4505624643866      0
47.11916999594292         -2580.3392164111574      0
47.120110298394295        -2578.434212529744       0
47.060511891071386        -2389.097072662653       0
47.060119423540705        -2387.087806044543       0
47.12105710437781         -2573.7935580032113      0
47.12015367487399         -2571.908264891654       0
47.06385063792433         -2393.7008246531163      0
47.06424823189982         -2395.743628800208       0
47.120632038646804        -2567.280442084153       0
47.1197130968956          -2565.3586754664875      0
47.06780133554823         -2402.389036872113       0
47.06743008677155         -2400.3147919709845      0
47.12017626047684         -2560.767143780681       0
47.119245365702994        -2558.809257102705       0
47.071228142707454        -2409.0336536381215      0
47.070819106715           -2406.929949688696       0
47.11972515368625         -2554.253873217982       0
47.11877574076797         -2552.25985066923        0
47.07457767160642         -2415.6777862201016      0
47.07416600323789         -2413.545370726273       0
47.119039969814196        -2547.7392125992415      0
47.11807097022947         -2545.711925619587       0
47.0772767131689          -2420.1648613569023      0
47.07758025300816         -2422.3277585907863      0
47.11814873339365         -2541.223328346867       0
47.11717103168273         -2539.165230100615       0
47.08028083150612         -2428.975838773652       0
47.079980287974074        -2426.7881362497396      0
47.117051493459925        -2534.646025483566       0
47.11633779668457         -2532.5425527460334      0
47.082561756718775        -2433.4121753331247      0
47.083433285980476        -2435.6151595088354      0
47.1161248019953          -2528.04190144285        0
47.11542630135456         -2525.920368420402       0
47.11512725472085         -2521.437344923789       0
47.11394504024657         -2519.306922670889       0
47.11334866061602         -2514.86298026056        0
47.11213393724435         -2512.706386347976       0
47.11141199499547         -2508.287650785729       0
47.110187626391635        -2506.106697757986       0
47.10932553297472         -2501.7114070076223      0
47.10810092462167         -2499.50788939797        0
47.10704133233632         -2495.133956304209       0
47.105797282735054        -2492.9104412199144      0
47.10454624687905         -2488.5552184358125      0
47.10329047153919         -2486.314266882926       0
47.10204105051629         -2481.942549671587       0
47.1015315476211          -2479.69225209069        0
47.100099875284016        -2475.3158510874086      0
47.099594128174395        -2473.07135643862        0
47.08659298651933         -2442.2312887538756      0
47.08576750800316         -2440.019073556658       0
47.09796517846559         -2468.6879526547264      0
47.09716687950004         -2466.455576142632       0
47.095319034465334        -2462.0750074991547      0
47.09451672274544         -2459.845200777292       0
47.09253127778527         -2455.461184334233       0
47.0917054269639          -2453.235833887049       0
47.08879426157509         -2446.6270920223747      0
47.0896209058823          -2448.8466009456356      0
