0.5                       0.7                      -7425403.793125529
0.52                      0.7                      -3216355.464660343
0.54                      0.7                      992683.1581163742
0.56                      0.7                      1346742.7100730645
0.58                      0.7                      1346901.6344851716
0.6                       0.7                      1195195.9395810803
0.62                      0.7                      881436.3616478457
0.64                      0.7                      567156.0657580807
0.66                      0.7                      252384.47702957038
0.6799999999999999        0.7                      -62842.69224300096
0.7                       0.7                      -378556.31864354806
0.72                      0.7                      -694649.6238780804
0.74                      0.7                      -1011065.4009380816
0.76                      0.7                      -1327817.6588214417
0.78                      0.7                      -1644886.2148593413
0.8                       0.7                      -1962253.6229812345
0.8200000000000001        0.7                      -2279903.900523608
0.8400000000000001        0.7                      -2597821.640613646
0.86                      0.7                      -2915987.9471437642
0.88                      0.7                      -3234397.7434713515
0.9                       0.7                      -3553044.820903117
0.9199999999999999        0.7                      -3871948.44884342
0.94                      0.7                      -4191096.332411498
0.96                      0.7                      -4510509.244915057
0.98                      0.7                      -4830255.068756517
1                         0.7                      -5151050.088710936
0.5                       0.8                      -1.8126787604450155E7
0.52                      0.8                      -1.3917405455295939E7
0.54                      0.8                      -9708035.185163874
0.56                      0.8                      -5498677.118013304
0.58                      0.8                      -1289331.589546878
0.6                       0.8                      2920001.052259933
0.62                      0.8                      3656455.0437109196
0.64                      0.8                      3417235.084184868
0.66                      0.8                      3176849.3584228354
0.6799999999999999        0.8                      2935994.072719268
0.7                       0.8                      2694720.3480252586
0.72                      0.8                      2452850.3265914656
0.74                      0.8                      2210638.7649085256
0.76                      0.8                      1968149.1466465052
0.78                      0.8                      1725144.4389611147
0.8                       0.8                      1481864.8666980648
0.8200000000000001        0.8                      1238320.1270835367
0.8400000000000001        0.8                      994387.1950534754
0.86                      0.8                      750173.317813281
0.88                      0.8                      505730.50608075596
0.9                       0.8                      261025.9508009404
0.9199999999999999        0.8                      16001.16981590446
0.94                      0.8                      -229265.76144193392
0.96                      0.8                      -474773.80247706175
0.98                      0.8                      -720515.818432929
1                         0.8                      -966504.0837955568
0.5                       0.9                      -2.8831756911752585E7
0.52                      0.9                      -2.4622146366619695E7
0.54                      0.9                      -2.0412548779507596E7
0.56                      0.9                      -1.6202964746236656E7
0.58                      0.9                      -1.1993394899420332E7
0.6                       0.9                      -7783839.911323365
0.62                      0.9                      -3574300.496991817
0.64                      0.9                      635222.5823226161
0.66                      0.9                      3960524.238184564
0.6799999999999999        0.9                      3960667.2021779353
0.7                       0.9                      3960810.166149619
0.72                      0.9                      3960953.1300996
0.74                      0.9                      3961096.0940278904
0.76                      0.9                      3961239.0579344872
0.78                      0.9                      3961382.0218193685
0.8                       0.9                      3961524.9856825443
0.8200000000000001        0.9                      3961667.9495240003
0.8400000000000001        0.9                      3961810.913343733
0.86                      0.9                      3961953.877141745
0.88                      0.9                      3962096.840918
0.9                       0.9                      3838260.4587724907
0.9199999999999999        0.9                      3662929.3141639316
0.94                      0.9                      3487274.622430902
0.96                      0.9                      3311416.1912836405
0.98                      0.9                      3135247.115036725
1                         0.9                      2958776.6757766455
0.5                       1                        -3.9472296964766696E7
0.52                      1                        -3.526549699066803E7
0.54                      1                        -3.1058697093231063E7
0.56                      1                        -2.685189728320084E7
0.58                      1                        -2.264509757342949E7
0.6                       1                        -1.843829797941726E7
0.62                      1                        -1.4231498520034436E7
0.64                      1                        -1.0024699218487862E7
0.66                      1                        -5817900.103642959
0.6799999999999999        1                        -1611101.2118601762
0.7                       1                        2595697.410402905
0.72                      1                        3353290.179924292
0.74                      1                        3357512.569271139
0.76                      1                        3358617.684928194
0.78                      1                        3358766.513705936
0.8                       1                        3358915.342470719
0.8200000000000001        1                        3359064.1712226854
0.8400000000000001        1                        3359212.999961551
0.86                      1                        3359361.828687543
0.88                      1                        3359510.6574005825
0.9                       1                        3359659.486100716
0.9199999999999999        1                        3359808.314787796
0.94                      1                        3359957.143462005
0.96                      1                        3360105.9721231353
0.98                      1                        3360254.8007713985
1                         1                        3360403.6294066133
