0.5                                               0.7                                               -979429.0905275056
0.5                                               0.8                                               2172889.586342523
0.5                                               0.9                                               3808057.4215168776
0.52                                              0.7                                               -979408.7672438072
0.52                                              0.8                                               2172901.775832871
0.52                                              0.9                                               3808066.4409875246
0.54                                              0.7                                               -979388.4439254189
0.54                                              0.8                                               2172913.9652986024
0.54                                              0.9                                               3808075.460457382
0.56                                              0.7                                               -979368.1207030797
0.56                                              0.8                                               2172926.154772479
0.56                                              0.9                                               3808084.4799055913
0.58                                              0.7                                               -979347.7975026639
0.58                                              0.8                                               2172938.34423838
0.58                                              0.9                                               3808093.499367499
0.6                                               0.7                                               -979327.4742253432
0.6                                               0.8                                               2172950.533761073
0.6                                               0.9                                               3808102.518836231
0.62                                              0.7                                               -979307.1509718159
0.62                                              0.8                                               2172962.7232431043
0.62                                              0.9                                               3808111.5382586876
0.64                                              0.7                                               -979286.8276017802
0.64                                              0.8                                               2172974.9127107766
0.64                                              0.9                                               3808120.5577350063
0.66                                              0.7                                               -979266.5044017965
0.66                                              0.8                                               2172987.1021879185
0.66                                              0.9                                               3808129.5771397566
0.68                                              0.7                                               -979246.1811557086
0.68                                              0.8                                               2172999.2916932404
0.68                                              0.9                                               3808138.5965730445
0.7                                               0.7                                               -979225.8579127388
0.7                                               0.8                                               2173011.4811381157
0.7                                               0.9                                               3808147.6159973973
0.72                                              0.7                                               -979205.5346327508
0.72                                              0.8                                               2173023.67061102
0.72                                              0.9                                               3808156.635440358
0.74                                              0.7                                               -1109875.1470016325
0.74                                              0.8                                               2173035.8600366693
0.74                                              0.9                                               3808165.6548307883
0.76                                              0.7                                               -1431466.5545649128
0.76                                              0.8                                               2173048.049549924
0.76                                              0.9                                               3808174.6742728828
0.78                                              0.7                                               -1753057.9621439436
0.78                                              0.8                                               2173060.239012705
0.78                                              0.9                                               3808183.693676592
0.8                                               0.7                                               -2074649.3698521974
0.8                                               0.8                                               2173072.4284807537
0.8                                               0.9                                               3808192.7130704606
0.82                                              0.7                                               -2396240.7775231013
0.82                                              0.8                                               2173084.617921559
0.82                                              0.9                                               3808201.732498844
0.84                                              0.7                                               -2717832.1851705173
0.84                                              0.8                                               2088073.9098533392
0.84                                              0.9                                               3808210.751875867
0.86                                              0.7                                               -3039423.592811086
0.86                                              0.8                                               1838896.5609900877
0.86                                              0.9                                               3808219.771237259
0.88                                              0.7                                               -3361015.000446272
0.88                                              0.8                                               1589719.2120818496
0.88                                              0.9                                               3808228.7906038547
0.9                                               0.7                                               -3682606.4080347056
0.9                                               0.8                                               1340541.863180302
0.9                                               0.9                                               3808237.8099584198
0.92                                              0.7                                               -4004197.8156628134
0.92                                              0.8                                               1091364.514291592
0.92                                              0.9                                               3808246.829330585
0.94                                              0.7                                               -4325789.223324419
0.94                                              0.8                                               842187.1654467545
0.94                                              0.9                                               3808255.84876207
0.96                                              0.7                                               -4647380.630917695
0.96                                              0.8                                               593009.8165266886
0.96                                              0.9                                               3808264.8681270564
0.98                                              0.7                                               -4968972.038616036
0.98                                              0.8                                               343832.46764967963
0.98                                              0.9                                               3808273.8874733774
1                                                 0.7                                               -5290563.446239968
1                                                 0.8                                               94655.11870968714
1                                                 0.9                                               3808282.906754871
