0.5                       0.7                      -7382836.318418641
0.52                      0.7                      -3173987.3420996927
0.54                      0.7                      1034851.8799104802
0.56                      0.7                      5243681.159836713
0.58                      0.7                      7985802.236831866
0.6                       0.7                      7985834.340404358
0.62                      0.7                      7985866.442749519
0.64                      0.7                      7985898.544916362
0.66                      0.7                      7985930.647975206
0.6799999999999999        0.7                      7837034.417202262
0.7                       0.7                      7436906.761747677
0.72                      0.7                      7036778.291427186
0.74                      0.7                      6636648.966002573
0.76                      0.7                      6236518.758001982
0.78                      0.7                      5836387.712523528
0.8                       0.7                      5436255.796741829
0.8200000000000001        0.7                      5036123.006414984
0.8400000000000001        0.7                      4635989.340718522
0.86                      0.7                      4235854.770306222
0.88                      0.7                      3835719.3099470967
0.9                       0.7                      3435582.949099457
0.9199999999999999        0.7                      3035445.6918511987
0.94                      0.7                      2635307.499679273
0.96                      0.7                      2235168.3995299106
0.98                      0.7                      1835028.3622924248
1                         0.7                      1434887.4084271863
0.5                       0.8                      -1.807778832433543E7
0.52                      0.8                      -1.3868659163959552E7
0.54                      0.8                      -9659541.602173317
0.56                      0.8                      -5450435.954845991
0.58                      0.8                      -1241342.5492833517
0.6                       0.8                      2967738.27525777
0.62                      0.8                      7176806.167023946
0.64                      0.8                      1.1199281982804295E7
0.66                      0.8                      1.1199304345090589E7
0.6799999999999999        0.8                      1.1199326706667954E7
0.7                       0.8                      1.1199349069057673E7
0.72                      0.8                      1.1199371431553911E7
0.74                      0.8                      1.0962617778011328E7
0.76                      0.8                      1.0632528814381173E7
0.78                      0.8                      1.030243929110784E7
0.8                       0.8                      9972349.347053459
0.8200000000000001        0.8                      9642259.073157238
0.8400000000000001        0.8                      9312168.41754022
0.86                      0.8                      8982077.326135805
0.88                      0.8                      8651985.847112622
0.9                       0.8                      8321893.8982499335
0.9199999999999999        0.8                      7991801.5696504805
0.94                      0.8                      7661708.7863969095
0.96                      0.8                      7331615.648093237
0.98                      0.8                      7001522.108046759
1                         0.8                      6671428.164764956
0.5                       0.9                      -2.8711389095722955E7
0.52                      0.9                      -2.450522420143157E7
0.54                      0.9                      -2.0299077277622458E7
0.56                      0.9                      -1.609294911283103E7
0.58                      0.9                      -1.188684054181474E7
0.6                       0.9                      -7680752.448944014
0.62                      0.9                      -3474685.7718918286
0.64                      0.9                      731358.494348783
0.66                      0.9                      4937379.293084193
0.6799999999999999        0.9                      9143375.501137111
0.7                       0.9                      1.3349345923619356E7
0.72                      0.9                      1.4196815642753514E7
0.74                      0.9                      1.419683038437049E7
0.76                      0.9                      1.4196845126541506E7
0.78                      0.9                      1.4196859867024008E7
0.8                       0.9                      1.419687460867512E7
0.8200000000000001        0.9                      1.3947920663271736E7
0.8400000000000001        0.9                      1.3683648995927477E7
0.86                      0.9                      1.3419377328785798E7
0.88                      0.9                      1.3155105660548558E7
0.9                       0.9                      1.2890833994428514E7
0.9199999999999999        0.9                      1.2626562326648928E7
0.94                      0.9                      1.2362290658980114E7
0.96                      0.9                      1.2098018991761757E7
0.98                      0.9                      1.1833747323693937E7
1                         0.9                      1.1569475656503445E7
0.5                       1                        -3.9490043788705796E7
0.52                      1                        -3.528027854532944E7
0.54                      1                        -3.1070513471102063E7
0.56                      1                        -2.6860748590151977E7
0.58                      1                        -2.2650983931429077E7
0.6                       1                        -1.84412195299646E7
0.62                      1                        -1.423145542856409E7
0.64                      1                        -1.0021691680084508E7
0.66                      1                        -5811928.350572009
0.6799999999999999        1                        -1602165.5236469917
0.7                       1                        2607596.6932330616
0.72                      1                        6817358.1596294455
0.74                      1                        1.1027118688419607E7
0.76                      1                        1.437872550549912E7
0.78                      1                        1.4397682146122873E7
0.8                       1                        1.4415184963809373E7
0.8200000000000001        1                        1.4431578357878562E7
0.8400000000000001        1                        1.4446916639323996E7
0.86                      1                        1.4461028686394468E7
0.88                      1                        1.4474402567410178E7
0.9                       1                        1.4486702127880324E7
0.9199999999999999        1                        1.4498365861304846E7
0.94                      1                        1.450901596309309E7
0.96                      1                        1.4519358043859048E7
0.98                      1                        1.4528550047192384E7
1                         1                        1.4537399048943002E7
