0.5                      0.7                      1464981.464121935
0.5                      0.8                      4482789.770538454
0.5                      0.9                      6969568.054672977
0.52                     0.7                      1465012.913662617
0.52                     0.8                      4482808.888906038
0.52                     0.9                      6969579.157286143
0.54                     0.7                      1465044.3631367171
0.54                     0.8                      4482828.007196364
0.54                     0.9                      6969590.259881843
0.56                     0.7                      1465075.8126086155
0.56                     0.8                      4482847.125541604
0.56                     0.9                      6969601.362505343
0.58                     0.7                      1465107.2620737003
0.58                     0.8                      4482866.243992061
0.58                     0.9                      6969612.4651109
0.6                      0.7                      1465138.7115115868
0.6                      0.8                      4482885.3623613445
0.6                      0.9                      6969623.56771341
0.62                     0.7                      1465170.1610749858
0.62                     0.8                      4482904.480709667
0.62                     0.9                      6969634.67031686
0.64                     0.7                      1465201.6104798848
0.64                     0.8                      4482923.599082726
0.64                     0.9                      6969645.772936767
0.66                     0.7                      1465233.0599834332
0.66                     0.8                      4482942.7174710715
0.66                     0.9                      6969656.875523953
0.68                     0.7                      1311799.3197073871
0.68                     0.8                      4482961.835812022
0.68                     0.9                      6969667.978141405
0.7                      0.7                      936793.9953908818
0.7                      0.8                      4482980.954161272
0.7                      0.9                      6969679.080731383
0.72                     0.7                      561788.6710867742
0.72                     0.8                      4483000.072510649
0.72                     0.9                      6969690.183324855
0.74                     0.7                      186783.34677612502
0.74                     0.8                      4469621.557968394
0.74                     0.9                      6969701.285929477
0.76                     0.7                      -188221.9775534412
0.76                     0.8                      4165228.3313861797
0.76                     0.9                      6969712.388529314
0.78                     0.7                      -563227.3018354988
0.78                     0.8                      3860835.1047134744
0.78                     0.9                      6969723.491149522
0.8                      0.7                      -938232.6261659143
0.8                      0.8                      3556441.8781250613
0.8                      0.9                      6969734.593762616
0.82                     0.7                      -1313237.9504434643
0.82                     0.8                      3252048.651470811
0.82                     0.9                      6969745.696337748
0.84                     0.7                      -1688243.2748005604
0.84                     0.8                      2947655.4248426193
0.84                     0.9                      6969756.79893963
0.86                     0.7                      -2063248.5991203105
0.86                     0.8                      2643262.1982292207
0.86                     0.9                      6840028.416522046
0.88                     0.7                      -2438253.923456709
0.88                     0.8                      2338868.9715756187
0.88                     0.9                      6602122.7359256735
0.9                      0.7                      -2813259.2477448722
0.9                      0.8                      2034475.7449071119
0.9                      0.9                      6364217.055393987
0.92                     0.7                      -3188264.57207645
0.92                     0.8                      1730082.518195399
0.92                     0.9                      6126311.374743077
0.94                     0.7                      -3563269.896415706
0.94                     0.8                      1425689.2915459024
0.94                     0.9                      5888405.694172709
0.96                     0.7                      -3938275.2206684565
0.96                     0.8                      1121296.064980992
0.96                     0.9                      5650500.013576741
0.98                     0.7                      -4313280.5450136615
0.98                     0.8                      816902.8382977368
0.98                     0.9                      5412594.332992333
1                        0.7                      -4688285.869310739
1                        0.8                      512509.6116781095
1                        0.9                      5174688.65241954
