0.55                      -11523.168260138482
0.5700000000000001        -11503.113530769944
0.5900000000000001        -11483.05880517885
0.6100000000000001        -11463.004310000688
0.63                      -11442.949125789106
0.65                      -11422.894213523716
0.67                      -11402.838696554303
0.6900000000000001        -11382.78458577022
0.7100000000000001        -11362.729289218783
0.73                      -11342.673629704863
0.75                      -11322.619461778551
0.77                      -11302.564386844635
0.79                      -11282.509610079229
0.81                      -11262.454566121101
0.8300000000000001        -11242.39878512919
0.8500000000000001        -131545.07740726322
0.8700000000000001        -450590.21509962156
0.8900000000000001        -769635.3546210825
0.91                      -1088680.4922976159
0.93                      -1407725.6319375895
0.9500000000000001        -1726770.7704194337
0.97                      -2045815.9091158174
0.99                      -2364861.0493372716
